# Blender 3.5.1
# www.blender.org
mtllib lighthouse.mtl
o Plane
v -7.804751 9.419166 5.039987
v -5.580335 9.419166 5.039987
v -7.804751 9.419166 3.113154
v -5.580335 9.419166 3.113154
vn -0.0000 1.0000 -0.0000
vt 0.000000 0.000000
vt 1.000000 0.000000
vt 0.000000 1.000000
vt 1.000000 1.000000
s 0
f 2/2/1 3/3/1 1/1/1
f 2/2/1 4/4/1 3/3/1
o Cube.053
v -6.234539 11.250152 5.425035
v -6.234539 9.252311 5.425035
v -6.234539 11.250152 5.039835
v -6.234539 9.252311 5.039835
v -5.990780 11.250152 5.425035
v -5.990780 9.252311 5.425035
v -5.990780 11.250152 5.039835
v -5.990780 9.252311 5.039835
vn -1.0000 -0.0000 -0.0000
vn -0.0000 -0.0000 -1.0000
vn 1.0000 -0.0000 -0.0000
vn -0.0000 -0.0000 1.0000
vn -0.0000 1.0000 -0.0000
vn -0.0000 -1.0000 -0.0000
vt 0.375000 0.000000
vt 0.375000 1.000000
vt 0.125000 0.750000
vt 0.625000 0.000000
vt 0.625000 1.000000
vt 0.875000 0.750000
vt 0.125000 0.500000
vt 0.375000 0.250000
vt 0.625000 0.250000
vt 0.875000 0.500000
vt 0.375000 0.750000
vt 0.625000 0.750000
vt 0.375000 0.500000
vt 0.625000 0.500000
s 0
usemtl Material.051
f 6/8/2 5/5/2 7/12/2
f 8/13/3 7/12/3 11/17/3
f 12/18/4 11/17/4 9/15/4
f 10/16/5 9/15/5 5/6/5
f 11/17/6 7/11/6 5/7/6
f 8/14/7 12/18/7 10/16/7
f 6/8/2 7/12/2 8/13/2
f 8/13/3 11/17/3 12/18/3
f 12/18/4 9/15/4 10/16/4
f 10/16/5 5/6/5 6/9/5
f 11/17/6 5/7/6 9/15/6
f 8/14/7 10/16/7 6/10/7
o Cube.052
v -7.347947 11.327871 5.425035
v -7.347947 9.330030 5.425035
v -7.347947 11.327871 5.039835
v -7.347947 9.330030 5.039835
v -7.104187 11.327871 5.425035
v -7.104187 9.330030 5.425035
v -7.104187 11.327871 5.039835
v -7.104187 9.330030 5.039835
vn -1.0000 -0.0000 -0.0000
vn -0.0000 -0.0000 -1.0000
vn 1.0000 -0.0000 -0.0000
vn -0.0000 -0.0000 1.0000
vn -0.0000 1.0000 -0.0000
vn -0.0000 -1.0000 -0.0000
vt 0.375000 0.000000
vt 0.375000 1.000000
vt 0.125000 0.750000
vt 0.625000 0.000000
vt 0.625000 1.000000
vt 0.875000 0.750000
vt 0.125000 0.500000
vt 0.375000 0.250000
vt 0.625000 0.250000
vt 0.875000 0.500000
vt 0.375000 0.750000
vt 0.625000 0.750000
vt 0.375000 0.500000
vt 0.625000 0.500000
s 0
usemtl Material.052
f 14/22/8 13/19/8 15/26/8
f 16/27/9 15/26/9 19/31/9
f 20/32/10 19/31/10 17/29/10
f 18/30/11 17/29/11 13/20/11
f 19/31/12 15/25/12 13/21/12
f 16/28/13 20/32/13 18/30/13
f 14/22/8 15/26/8 16/27/8
f 16/27/9 19/31/9 20/32/9
f 20/32/10 17/29/10 18/30/10
f 18/30/11 13/20/11 14/23/11
f 19/31/12 13/21/12 17/29/12
f 16/28/13 18/30/13 14/24/13
o Cube.051
v -8.116811 11.317097 4.295104
v -8.116811 9.319256 4.295104
v -8.116811 11.317097 3.909903
v -8.116811 9.319256 3.909903
v -7.873052 11.317097 4.295104
v -7.873052 9.319256 4.295104
v -7.873052 11.317097 3.909903
v -7.873052 9.319256 3.909903
vn -1.0000 -0.0000 -0.0000
vn -0.0000 -0.0000 -1.0000
vn 1.0000 -0.0000 -0.0000
vn -0.0000 -0.0000 1.0000
vn -0.0000 1.0000 -0.0000
vn -0.0000 -1.0000 -0.0000
vt 0.375000 0.000000
vt 0.375000 1.000000
vt 0.125000 0.750000
vt 0.625000 0.000000
vt 0.625000 1.000000
vt 0.875000 0.750000
vt 0.125000 0.500000
vt 0.375000 0.250000
vt 0.625000 0.250000
vt 0.875000 0.500000
vt 0.375000 0.750000
vt 0.625000 0.750000
vt 0.375000 0.500000
vt 0.625000 0.500000
s 0
usemtl Material.053
f 22/36/14 21/33/14 23/40/14
f 24/41/15 23/40/15 27/45/15
f 28/46/16 27/45/16 25/43/16
f 26/44/17 25/43/17 21/34/17
f 27/45/18 23/39/18 21/35/18
f 24/42/19 28/46/19 26/44/19
f 22/36/14 23/40/14 24/41/14
f 24/41/15 27/45/15 28/46/15
f 28/46/16 25/43/16 26/44/16
f 26/44/17 21/34/17 22/37/17
f 27/45/18 21/35/18 25/43/18
f 24/42/19 26/44/19 22/38/19
o Cube.050
v -5.604100 11.215829 4.384082
v -5.604100 9.217988 4.384082
v -5.604100 11.215829 3.998881
v -5.604100 9.217988 3.998881
v -5.360341 11.215829 4.384082
v -5.360341 9.217988 4.384082
v -5.360341 11.215829 3.998881
v -5.360341 9.217988 3.998881
vn -1.0000 -0.0000 -0.0000
vn -0.0000 -0.0000 -1.0000
vn 1.0000 -0.0000 -0.0000
vn -0.0000 -0.0000 1.0000
vn -0.0000 1.0000 -0.0000
vn -0.0000 -1.0000 -0.0000
vt 0.375000 0.000000
vt 0.375000 1.000000
vt 0.125000 0.750000
vt 0.625000 0.000000
vt 0.625000 1.000000
vt 0.875000 0.750000
vt 0.125000 0.500000
vt 0.375000 0.250000
vt 0.625000 0.250000
vt 0.875000 0.500000
vt 0.375000 0.750000
vt 0.625000 0.750000
vt 0.375000 0.500000
vt 0.625000 0.500000
s 0
usemtl Material.054
f 30/50/20 29/47/20 31/54/20
f 32/55/21 31/54/21 35/59/21
f 36/60/22 35/59/22 33/57/22
f 34/58/23 33/57/23 29/48/23
f 35/59/24 31/53/24 29/49/24
f 32/56/25 36/60/25 34/58/25
f 30/50/20 31/54/20 32/55/20
f 32/55/21 35/59/21 36/60/21
f 36/60/22 33/57/22 34/58/22
f 34/58/23 29/48/23 30/51/23
f 35/59/24 29/49/24 33/57/24
f 32/56/25 34/58/25 30/52/25
o Cube.049
v -6.280885 11.263172 3.224133
v -6.280885 9.265331 3.224133
v -6.280885 11.263172 2.838932
v -6.280885 9.265331 2.838932
v -6.037126 11.263172 3.224133
v -6.037126 9.265331 3.224133
v -6.037126 11.263172 2.838932
v -6.037126 9.265331 2.838932
vn -1.0000 -0.0000 -0.0000
vn -0.0000 -0.0000 -1.0000
vn 1.0000 -0.0000 -0.0000
vn -0.0000 -0.0000 1.0000
vn -0.0000 1.0000 -0.0000
vn -0.0000 -1.0000 -0.0000
vt 0.375000 0.000000
vt 0.375000 1.000000
vt 0.125000 0.750000
vt 0.625000 0.000000
vt 0.625000 1.000000
vt 0.875000 0.750000
vt 0.125000 0.500000
vt 0.375000 0.250000
vt 0.625000 0.250000
vt 0.875000 0.500000
vt 0.375000 0.750000
vt 0.625000 0.750000
vt 0.375000 0.500000
vt 0.625000 0.500000
s 0
usemtl Material.055
f 38/64/26 37/61/26 39/68/26
f 40/69/27 39/68/27 43/73/27
f 44/74/28 43/73/28 41/71/28
f 42/72/29 41/71/29 37/62/29
f 43/73/30 39/67/30 37/63/30
f 40/70/31 44/74/31 42/72/31
f 38/64/26 39/68/26 40/69/26
f 40/69/27 43/73/27 44/74/27
f 44/74/28 41/71/28 42/72/28
f 42/72/29 37/62/29 38/65/29
f 43/73/30 37/63/30 41/71/30
f 40/70/31 42/72/31 38/66/31
o Cube.048
v -7.556483 11.292500 3.137373
v -7.556483 9.294659 3.137373
v -7.556483 11.292500 2.752172
v -7.556483 9.294659 2.752172
v -7.312724 11.292500 3.137373
v -7.312724 9.294659 3.137373
v -7.312724 11.292500 2.752172
v -7.312724 9.294659 2.752172
vn -1.0000 -0.0000 -0.0000
vn -0.0000 -0.0000 -1.0000
vn 1.0000 -0.0000 -0.0000
vn -0.0000 -0.0000 1.0000
vn -0.0000 1.0000 -0.0000
vn -0.0000 -1.0000 -0.0000
vt 0.375000 0.000000
vt 0.375000 1.000000
vt 0.125000 0.750000
vt 0.625000 0.000000
vt 0.625000 1.000000
vt 0.875000 0.750000
vt 0.125000 0.500000
vt 0.375000 0.250000
vt 0.625000 0.250000
vt 0.875000 0.500000
vt 0.375000 0.750000
vt 0.625000 0.750000
vt 0.375000 0.500000
vt 0.625000 0.500000
s 0
usemtl Material.056
f 46/78/32 45/75/32 47/82/32
f 48/83/33 47/82/33 51/87/33
f 52/88/34 51/87/34 49/85/34
f 50/86/35 49/85/35 45/76/35
f 51/87/36 47/81/36 45/77/36
f 48/84/37 52/88/37 50/86/37
f 46/78/32 47/82/32 48/83/32
f 48/83/33 51/87/33 52/88/33
f 52/88/34 49/85/34 50/86/34
f 50/86/35 45/76/35 46/79/35
f 51/87/36 45/77/36 49/85/36
f 48/84/37 50/86/37 46/80/37
o Cube.047
v -5.716116 9.422934 5.051857
v -5.716116 9.239584 5.051857
v -5.716116 9.422934 5.565847
v -5.716116 9.239584 5.565847
v -7.438453 9.422934 5.051857
v -7.438453 9.239584 5.051857
v -7.438453 9.422934 5.565847
v -7.438453 9.239584 5.565847
vn -0.0000 1.0000 -0.0000
vn -0.0000 -0.0000 1.0000
vn -1.0000 -0.0000 -0.0000
vn -0.0000 -1.0000 -0.0000
vn 1.0000 -0.0000 -0.0000
vn -0.0000 -0.0000 -1.0000
vt 0.625000 0.500000
vt 0.375000 0.500000
vt 0.625000 0.750000
vt 0.375000 0.750000
vt 0.875000 0.500000
vt 0.625000 0.250000
vt 0.125000 0.500000
vt 0.375000 0.250000
vt 0.875000 0.750000
vt 0.625000 1.000000
vt 0.625000 0.000000
vt 0.375000 0.000000
vt 0.375000 1.000000
vt 0.125000 0.750000
s 0
usemtl Material.057
f 57/93/38 55/91/38 53/89/38
f 55/91/39 60/101/39 56/92/39
f 59/99/40 58/96/40 60/100/40
f 54/90/41 60/102/41 58/95/41
f 53/89/42 56/92/42 54/90/42
f 57/94/43 54/90/43 58/96/43
f 57/93/38 59/97/38 55/91/38
f 55/91/39 59/98/39 60/101/39
f 59/99/40 57/94/40 58/96/40
f 54/90/41 56/92/41 60/102/41
f 53/89/42 55/91/42 56/92/42
f 57/94/43 53/89/43 54/90/43
o Cube.046
v -7.016716 9.423038 5.259076
v -7.016716 9.239689 5.259076
v -7.431754 9.423038 5.562276
v -7.431754 9.239689 5.562276
v -8.032712 9.423038 3.868322
v -8.032712 9.239689 3.868322
v -8.447749 9.423038 4.171522
v -8.447749 9.239689 4.171522
vn -0.0000 1.0000 -0.0000
vn -0.8075 -0.0000 0.5899
vn -0.5899 -0.0000 -0.8075
vn -0.0000 -1.0000 -0.0000
vn 0.5899 -0.0000 0.8075
vn 0.8075 -0.0000 -0.5899
vt 0.625000 0.500000
vt 0.375000 0.500000
vt 0.625000 0.750000
vt 0.375000 0.750000
vt 0.875000 0.500000
vt 0.625000 0.250000
vt 0.125000 0.500000
vt 0.375000 0.250000
vt 0.875000 0.750000
vt 0.625000 1.000000
vt 0.625000 0.000000
vt 0.375000 0.000000
vt 0.375000 1.000000
vt 0.125000 0.750000
s 0
usemtl Material.058
f 65/107/44 63/105/44 61/103/44
f 63/105/45 68/115/45 64/106/45
f 67/113/46 66/110/46 68/114/46
f 62/104/47 68/116/47 66/109/47
f 61/103/48 64/106/48 62/104/48
f 65/108/49 62/104/49 66/110/49
f 65/107/44 67/111/44 63/105/44
f 63/105/45 67/112/45 68/115/45
f 67/113/46 65/108/46 66/110/46
f 62/104/47 64/106/47 68/116/47
f 61/103/48 63/105/48 64/106/48
f 65/108/49 61/103/49 62/104/49
o Cube.045
v -5.710276 9.423990 5.561823
v -5.710276 9.240641 5.561823
v -6.175953 9.423990 5.344265
v -6.175953 9.240641 5.344265
v -4.981259 9.423990 4.001381
v -4.981259 9.240641 4.001381
v -5.446937 9.423990 3.783823
v -5.446937 9.240641 3.783823
vn -0.0000 1.0000 -0.0000
vn -0.9060 -0.0000 -0.4233
vn 0.4233 -0.0000 -0.9060
vn -0.0000 -1.0000 -0.0000
vn -0.4233 -0.0000 0.9060
vn 0.9060 -0.0000 0.4233
vt 0.625000 0.500000
vt 0.375000 0.500000
vt 0.625000 0.750000
vt 0.375000 0.750000
vt 0.875000 0.500000
vt 0.625000 0.250000
vt 0.125000 0.500000
vt 0.375000 0.250000
vt 0.875000 0.750000
vt 0.625000 1.000000
vt 0.625000 0.000000
vt 0.375000 0.000000
vt 0.375000 1.000000
vt 0.125000 0.750000
s 0
usemtl Material.059
f 73/121/50 71/119/50 69/117/50
f 71/119/51 76/129/51 72/120/51
f 75/127/52 74/124/52 76/128/52
f 70/118/53 76/130/53 74/123/53
f 69/117/54 72/120/54 70/118/54
f 73/122/55 70/118/55 74/124/55
f 73/121/50 75/125/50 71/119/50
f 71/119/51 75/126/51 76/129/51
f 75/127/52 73/122/52 74/124/52
f 70/118/53 72/120/53 76/130/53
f 69/117/54 71/119/54 72/120/54
f 73/122/55 69/117/55 70/118/55
o Cube.044
v -7.792694 9.423990 2.570679
v -7.792694 9.240641 2.570679
v -7.316765 9.423990 2.764788
v -7.316765 9.240641 2.764788
v -8.443138 9.423990 4.165473
v -8.443138 9.240641 4.165473
v -7.967209 9.423990 4.359582
v -7.967209 9.240641 4.359582
vn -0.0000 1.0000 -0.0000
vn 0.9259 -0.0000 0.3777
vn -0.3777 -0.0000 0.9259
vn -0.0000 -1.0000 -0.0000
vn 0.3777 -0.0000 -0.9259
vn -0.9259 -0.0000 -0.3777
vt 0.625000 0.500000
vt 0.375000 0.500000
vt 0.625000 0.750000
vt 0.375000 0.750000
vt 0.875000 0.500000
vt 0.625000 0.250000
vt 0.125000 0.500000
vt 0.375000 0.250000
vt 0.875000 0.750000
vt 0.625000 1.000000
vt 0.625000 0.000000
vt 0.375000 0.000000
vt 0.375000 1.000000
vt 0.125000 0.750000
s 0
usemtl Material.060
f 81/135/56 79/133/56 77/131/56
f 79/133/57 84/143/57 80/134/57
f 83/141/58 82/138/58 84/142/58
f 78/132/59 84/144/59 82/137/59
f 77/131/60 80/134/60 78/132/60
f 81/136/61 78/132/61 82/138/61
f 81/135/56 83/139/56 79/133/56
f 79/133/57 83/140/57 84/143/57
f 83/141/58 81/136/58 82/138/58
f 78/132/59 80/134/59 84/144/59
f 77/131/60 79/133/60 80/134/60
f 81/136/61 77/131/61 78/132/61
o Cube.043
v -6.412601 9.423038 2.953119
v -6.412601 9.239689 2.953119
v -6.013169 9.423038 2.629637
v -6.013169 9.239689 2.629637
v -5.328643 9.423038 4.291580
v -5.328643 9.239689 4.291580
v -4.929211 9.423038 3.968098
v -4.929211 9.239689 3.968098
vn -0.0000 1.0000 -0.0000
vn 0.7771 -0.0000 -0.6294
vn 0.6294 -0.0000 0.7771
vn -0.0000 -1.0000 -0.0000
vn -0.6294 -0.0000 -0.7771
vn -0.7771 -0.0000 0.6294
vt 0.625000 0.500000
vt 0.375000 0.500000
vt 0.625000 0.750000
vt 0.375000 0.750000
vt 0.875000 0.500000
vt 0.625000 0.250000
vt 0.125000 0.500000
vt 0.375000 0.250000
vt 0.875000 0.750000
vt 0.625000 1.000000
vt 0.625000 0.000000
vt 0.375000 0.000000
vt 0.375000 1.000000
vt 0.125000 0.750000
s 0
usemtl Material.061
f 89/149/62 87/147/62 85/145/62
f 87/147/63 92/157/63 88/148/63
f 91/155/64 90/152/64 92/156/64
f 86/146/65 92/158/65 90/151/65
f 85/145/66 88/148/66 86/146/66
f 89/150/67 86/146/67 90/152/67
f 89/149/62 91/153/62 87/147/62
f 87/147/63 91/154/63 92/157/63
f 91/155/64 89/150/64 90/152/64
f 86/146/65 88/148/65 92/158/65
f 85/145/66 87/147/66 88/148/66
f 89/150/67 85/145/67 86/146/67
o Cube.042
v -7.758442 9.422934 3.114290
v -7.758442 9.239584 3.114290
v -7.784025 9.422934 2.600936
v -7.784025 9.239584 2.600936
v -6.038239 9.422934 3.028563
v -6.038239 9.239584 3.028563
v -6.063823 9.422934 2.515209
v -6.063823 9.239584 2.515209
vn -0.0000 1.0000 -0.0000
vn -0.0498 -0.0000 -0.9988
vn 0.9988 -0.0000 -0.0498
vn -0.0000 -1.0000 -0.0000
vn -0.9988 -0.0000 0.0498
vn 0.0498 -0.0000 0.9988
vt 0.625000 0.500000
vt 0.375000 0.500000
vt 0.625000 0.750000
vt 0.375000 0.750000
vt 0.875000 0.500000
vt 0.625000 0.250000
vt 0.125000 0.500000
vt 0.375000 0.250000
vt 0.875000 0.750000
vt 0.625000 1.000000
vt 0.625000 0.000000
vt 0.375000 0.000000
vt 0.375000 1.000000
vt 0.125000 0.750000
s 0
usemtl Material.062
f 97/163/68 95/161/68 93/159/68
f 95/161/69 100/171/69 96/162/69
f 99/169/70 98/166/70 100/170/70
f 94/160/71 100/172/71 98/165/71
f 93/159/72 96/162/72 94/160/72
f 97/164/73 94/160/73 98/166/73
f 97/163/68 99/167/68 95/161/68
f 95/161/69 99/168/69 100/171/69
f 99/169/70 97/164/70 98/166/70
f 94/160/71 96/162/71 100/172/71
f 93/159/72 95/161/72 96/162/72
f 97/164/73 93/159/73 94/160/73
o Cube.041
v -7.521188 9.231523 3.334371
v -7.521188 8.165561 3.334371
v -7.540898 9.231523 2.938873
v -7.540898 8.165561 2.938873
v -6.195910 9.231523 3.268325
v -6.195910 8.165561 3.268325
v -6.215621 9.231523 2.872827
v -6.215621 8.165561 2.872827
vn -0.0000 1.0000 -0.0000
vn -0.0498 -0.0000 -0.9988
vn 0.9988 -0.0000 -0.0498
vn -0.0000 -1.0000 -0.0000
vn -0.9988 -0.0000 0.0498
vn 0.0498 -0.0000 0.9988
vt 0.625000 0.500000
vt 0.375000 0.500000
vt 0.625000 0.750000
vt 0.375000 0.750000
vt 0.875000 0.500000
vt 0.625000 0.250000
vt 0.125000 0.500000
vt 0.375000 0.250000
vt 0.875000 0.750000
vt 0.625000 1.000000
vt 0.625000 0.000000
vt 0.375000 0.000000
vt 0.375000 1.000000
vt 0.125000 0.750000
s 0
usemtl Material.063
f 105/177/74 103/175/74 101/173/74
f 103/175/75 108/185/75 104/176/75
f 107/183/76 106/180/76 108/184/76
f 102/174/77 108/186/77 106/179/77
f 101/173/78 104/176/78 102/174/78
f 105/178/79 102/174/79 106/180/79
f 105/177/74 107/181/74 103/175/74
f 103/175/75 107/182/75 108/185/75
f 107/183/76 105/178/76 106/180/76
f 102/174/77 104/176/77 108/186/77
f 101/173/78 103/175/78 104/176/78
f 105/178/79 101/173/79 102/174/79
o Cube.040
v -6.484326 9.232132 3.210201
v -6.484326 8.166170 3.210201
v -6.176596 9.232132 2.960984
v -6.176596 8.166170 2.960984
v -5.649223 9.232132 4.241377
v -5.649223 8.166170 4.241377
v -5.341493 9.232132 3.992161
v -5.341493 8.166170 3.992161
vn -0.0000 1.0000 -0.0000
vn 0.7771 -0.0000 -0.6294
vn 0.6294 -0.0000 0.7771
vn -0.0000 -1.0000 -0.0000
vn -0.6294 -0.0000 -0.7771
vn -0.7771 -0.0000 0.6294
vt 0.625000 0.500000
vt 0.375000 0.500000
vt 0.625000 0.750000
vt 0.375000 0.750000
vt 0.875000 0.500000
vt 0.625000 0.250000
vt 0.125000 0.500000
vt 0.375000 0.250000
vt 0.875000 0.750000
vt 0.625000 1.000000
vt 0.625000 0.000000
vt 0.375000 0.000000
vt 0.375000 1.000000
vt 0.125000 0.750000
s 0
usemtl Material.064
f 113/191/80 111/189/80 109/187/80
f 111/189/81 116/199/81 112/190/81
f 115/197/82 114/194/82 116/198/82
f 110/188/83 116/200/83 114/193/83
f 109/187/84 112/190/84 110/188/84
f 113/192/85 110/188/85 114/194/85
f 113/191/80 115/195/80 111/189/80
f 111/189/81 115/196/81 116/199/81
f 115/197/82 113/192/82 114/194/82
f 110/188/83 112/190/83 116/200/83
f 109/187/84 111/189/84 112/190/84
f 113/192/85 109/187/85 110/188/85
o Cube.039
v -7.547576 9.237663 2.915561
v -7.547576 8.171701 2.915561
v -7.180912 9.237663 3.065107
v -7.180912 8.171701 3.065107
v -8.048691 9.237663 4.144222
v -8.048691 8.171701 4.144222
v -7.682026 9.237663 4.293768
v -7.682026 8.171701 4.293768
vn -0.0000 1.0000 -0.0000
vn 0.9259 -0.0000 0.3777
vn -0.3777 -0.0000 0.9259
vn -0.0000 -1.0000 -0.0000
vn 0.3777 -0.0000 -0.9259
vn -0.9259 -0.0000 -0.3777
vt 0.625000 0.500000
vt 0.375000 0.500000
vt 0.625000 0.750000
vt 0.375000 0.750000
vt 0.875000 0.500000
vt 0.625000 0.250000
vt 0.125000 0.500000
vt 0.375000 0.250000
vt 0.875000 0.750000
vt 0.625000 1.000000
vt 0.625000 0.000000
vt 0.375000 0.000000
vt 0.375000 1.000000
vt 0.125000 0.750000
s 0
usemtl Material.065
f 121/205/86 119/203/86 117/201/86
f 119/203/87 124/213/87 120/204/87
f 123/211/88 122/208/88 124/212/88
f 118/202/89 124/214/89 122/207/89
f 117/201/90 120/204/90 118/202/90
f 121/206/91 118/202/91 122/208/91
f 121/205/86 123/209/86 119/203/86
f 119/203/87 123/210/87 124/213/87
f 123/211/88 121/206/88 122/208/88
f 118/202/89 120/204/89 124/214/89
f 117/201/90 119/203/90 120/204/90
f 121/206/91 117/201/91 118/202/91
o Cube.038
v -5.943241 9.237663 5.219998
v -5.943241 8.171701 5.219998
v -6.302008 9.237663 5.052388
v -6.302008 8.171701 5.052388
v -5.381592 9.237663 4.017803
v -5.381592 8.171701 4.017803
v -5.740359 9.237663 3.850192
v -5.740359 8.171701 3.850192
vn -0.0000 1.0000 -0.0000
vn -0.9060 -0.0000 -0.4233
vn 0.4233 -0.0000 -0.9060
vn -0.0000 -1.0000 -0.0000
vn -0.4233 -0.0000 0.9060
vn 0.9060 -0.0000 0.4233
vt 0.625000 0.500000
vt 0.375000 0.500000
vt 0.625000 0.750000
vt 0.375000 0.750000
vt 0.875000 0.500000
vt 0.625000 0.250000
vt 0.125000 0.500000
vt 0.375000 0.250000
vt 0.875000 0.750000
vt 0.625000 1.000000
vt 0.625000 0.000000
vt 0.375000 0.000000
vt 0.375000 1.000000
vt 0.125000 0.750000
s 0
usemtl Material.066
f 129/219/92 127/217/92 125/215/92
f 127/217/93 132/227/93 128/218/93
f 131/225/94 130/222/94 132/226/94
f 126/216/95 132/228/95 130/221/95
f 125/215/96 128/218/96 126/216/96
f 129/220/97 126/216/97 130/222/97
f 129/219/92 131/223/92 127/217/92
f 127/217/93 131/224/93 132/227/93
f 131/225/94 129/220/94 130/222/94
f 126/216/95 128/218/95 132/228/95
f 125/215/96 127/217/96 128/218/96
f 129/220/97 125/215/97 126/216/97
o Cube.037
v -6.949748 9.232132 4.986756
v -6.949748 8.166170 4.986756
v -7.269501 9.232132 5.220347
v -7.269501 8.166170 5.220347
v -7.732491 9.232132 3.915292
v -7.732491 8.166170 3.915292
v -8.052244 9.232132 4.148883
v -8.052244 8.166170 4.148883
vn -0.0000 1.0000 -0.0000
vn -0.8075 -0.0000 0.5899
vn -0.5899 -0.0000 -0.8075
vn -0.0000 -1.0000 -0.0000
vn 0.5899 -0.0000 0.8075
vn 0.8075 -0.0000 -0.5899
vt 0.625000 0.500000
vt 0.375000 0.500000
vt 0.625000 0.750000
vt 0.375000 0.750000
vt 0.875000 0.500000
vt 0.625000 0.250000
vt 0.125000 0.500000
vt 0.375000 0.250000
vt 0.875000 0.750000
vt 0.625000 1.000000
vt 0.625000 0.000000
vt 0.375000 0.000000
vt 0.375000 1.000000
vt 0.125000 0.750000
s 0
usemtl Material.067
f 137/233/98 135/231/98 133/229/98
f 135/231/99 140/241/99 136/232/99
f 139/239/100 138/236/100 140/240/100
f 134/230/101 140/242/101 138/235/101
f 133/229/102 136/232/102 134/230/102
f 137/234/103 134/230/103 138/236/103
f 137/233/98 139/237/98 135/231/98
f 135/231/99 139/238/99 140/241/99
f 139/239/100 137/234/100 138/236/100
f 134/230/101 136/232/101 140/242/101
f 133/229/102 135/231/102 136/232/102
f 137/234/103 133/229/103 134/230/103
o Cube.036
v -5.947740 9.231523 4.827110
v -5.947740 8.165561 4.827110
v -5.947740 9.231523 5.223098
v -5.947740 8.165561 5.223098
v -7.274662 9.231523 4.827110
v -7.274662 8.165561 4.827110
v -7.274662 9.231523 5.223098
v -7.274662 8.165561 5.223098
vn -0.0000 1.0000 -0.0000
vn -0.0000 -0.0000 1.0000
vn -1.0000 -0.0000 -0.0000
vn -0.0000 -1.0000 -0.0000
vn 1.0000 -0.0000 -0.0000
vn -0.0000 -0.0000 -1.0000
vt 0.625000 0.500000
vt 0.375000 0.500000
vt 0.625000 0.750000
vt 0.375000 0.750000
vt 0.875000 0.500000
vt 0.625000 0.250000
vt 0.125000 0.500000
vt 0.375000 0.250000
vt 0.875000 0.750000
vt 0.625000 1.000000
vt 0.625000 0.000000
vt 0.375000 0.000000
vt 0.375000 1.000000
vt 0.125000 0.750000
s 0
usemtl Material.068
f 145/247/104 143/245/104 141/243/104
f 143/245/105 148/255/105 144/246/105
f 147/253/106 146/250/106 148/254/106
f 142/244/107 148/256/107 146/249/107
f 141/243/108 144/246/108 142/244/108
f 145/248/109 142/244/109 146/250/109
f 145/247/104 147/251/104 143/245/104
f 143/245/105 147/252/105 148/255/105
f 147/253/106 145/248/106 146/250/106
f 142/244/107 144/246/107 148/256/107
f 141/243/108 143/245/108 144/246/108
f 145/248/109 141/243/109 142/244/109
o Cube.035
v -5.878371 8.212973 4.894420
v -5.878371 7.051877 4.894420
v -5.878371 8.212973 5.325749
v -5.878371 7.051877 5.325749
v -7.323717 8.212973 4.894420
v -7.323717 7.051877 4.894420
v -7.323717 8.212973 5.325749
v -7.323717 7.051877 5.325749
vn -0.0000 1.0000 -0.0000
vn -0.0000 -0.0000 1.0000
vn -1.0000 -0.0000 -0.0000
vn -0.0000 -1.0000 -0.0000
vn 1.0000 -0.0000 -0.0000
vn -0.0000 -0.0000 -1.0000
vt 0.625000 0.500000
vt 0.375000 0.500000
vt 0.625000 0.750000
vt 0.375000 0.750000
vt 0.875000 0.500000
vt 0.625000 0.250000
vt 0.125000 0.500000
vt 0.375000 0.250000
vt 0.875000 0.750000
vt 0.625000 1.000000
vt 0.625000 0.000000
vt 0.375000 0.000000
vt 0.375000 1.000000
vt 0.125000 0.750000
s 0
usemtl Material.069
f 153/261/110 151/259/110 149/257/110
f 151/259/111 156/269/111 152/260/111
f 155/267/112 154/264/112 156/268/112
f 150/258/113 156/270/113 154/263/113
f 149/257/114 152/260/114 150/258/114
f 153/262/115 150/258/115 154/264/115
f 153/261/110 155/265/110 151/259/110
f 151/259/111 155/266/111 156/269/111
f 155/267/112 153/262/112 154/264/112
f 150/258/113 152/260/113 156/270/113
f 149/257/114 151/259/114 152/260/114
f 153/262/115 149/257/115 150/258/115
o Cube.034
v -6.969804 8.213636 5.068313
v -6.969804 7.052541 5.068313
v -7.318094 8.213636 5.322752
v -7.318094 7.052541 5.322752
v -7.822405 8.213636 3.901224
v -7.822405 7.052541 3.901224
v -8.170695 8.213636 4.155663
v -8.170695 7.052541 4.155663
vn -0.0000 1.0000 -0.0000
vn -0.8075 -0.0000 0.5899
vn -0.5899 -0.0000 -0.8075
vn -0.0000 -1.0000 -0.0000
vn 0.5899 -0.0000 0.8075
vn 0.8075 -0.0000 -0.5899
vt 0.625000 0.500000
vt 0.375000 0.500000
vt 0.625000 0.750000
vt 0.375000 0.750000
vt 0.875000 0.500000
vt 0.625000 0.250000
vt 0.125000 0.500000
vt 0.375000 0.250000
vt 0.875000 0.750000
vt 0.625000 1.000000
vt 0.625000 0.000000
vt 0.375000 0.000000
vt 0.375000 1.000000
vt 0.125000 0.750000
s 0
usemtl Material.070
f 161/275/116 159/273/116 157/271/116
f 159/273/117 164/283/117 160/274/117
f 163/281/118 162/278/118 164/282/118
f 158/272/119 164/284/119 162/277/119
f 157/271/120 160/274/120 158/272/120
f 161/276/121 158/272/121 162/278/121
f 161/275/116 163/279/116 159/273/116
f 159/273/117 163/280/117 164/283/117
f 163/281/118 161/276/118 162/278/118
f 158/272/119 160/274/119 164/284/119
f 157/271/120 159/273/120 160/274/120
f 161/276/121 157/271/121 158/272/121
o Cube.033
v -5.873469 8.219661 5.322372
v -5.873469 7.058565 5.322372
v -6.264255 8.219661 5.139802
v -6.264255 7.058565 5.139802
v -5.261695 8.219661 4.012885
v -5.261695 7.058565 4.012885
v -5.652481 8.219661 3.830315
v -5.652481 7.058565 3.830315
vn -0.0000 1.0000 -0.0000
vn -0.9060 -0.0000 -0.4233
vn 0.4233 -0.0000 -0.9060
vn -0.0000 -1.0000 -0.0000
vn -0.4233 -0.0000 0.9060
vn 0.9060 -0.0000 0.4233
vt 0.625000 0.500000
vt 0.375000 0.500000
vt 0.625000 0.750000
vt 0.375000 0.750000
vt 0.875000 0.500000
vt 0.625000 0.250000
vt 0.125000 0.500000
vt 0.375000 0.250000
vt 0.875000 0.750000
vt 0.625000 1.000000
vt 0.625000 0.000000
vt 0.375000 0.000000
vt 0.375000 1.000000
vt 0.125000 0.750000
s 0
usemtl Material.071
f 169/289/122 167/287/122 165/285/122
f 167/287/123 172/297/123 168/288/123
f 171/295/124 170/292/124 172/296/124
f 166/286/125 172/298/125 170/291/125
f 165/285/126 168/288/126 166/286/126
f 169/290/127 166/286/127 170/292/127
f 169/289/122 171/293/122 167/287/122
f 167/287/123 171/294/123 172/297/123
f 171/295/124 169/290/124 170/292/124
f 166/286/125 168/288/125 172/298/125
f 165/285/126 167/287/126 168/288/126
f 169/290/127 165/285/127 166/286/127
o Cube.032
v -7.620987 8.219661 2.812272
v -7.620987 7.058565 2.812272
v -7.221599 8.219661 2.975164
v -7.221599 7.058565 2.975164
v -8.166825 8.219661 4.150586
v -8.166825 7.058565 4.150586
v -7.767437 8.219661 4.313478
v -7.767437 7.058565 4.313478
vn -0.0000 1.0000 -0.0000
vn 0.9259 -0.0000 0.3777
vn -0.3777 -0.0000 0.9259
vn -0.0000 -1.0000 -0.0000
vn 0.3777 -0.0000 -0.9259
vn -0.9259 -0.0000 -0.3777
vt 0.625000 0.500000
vt 0.375000 0.500000
vt 0.625000 0.750000
vt 0.375000 0.750000
vt 0.875000 0.500000
vt 0.625000 0.250000
vt 0.125000 0.500000
vt 0.375000 0.250000
vt 0.875000 0.750000
vt 0.625000 1.000000
vt 0.625000 0.000000
vt 0.375000 0.000000
vt 0.375000 1.000000
vt 0.125000 0.750000
s 0
usemtl Material.072
f 177/303/128 175/301/128 173/299/128
f 175/301/129 180/311/129 176/302/129
f 179/309/130 178/306/130 180/310/130
f 174/300/131 180/312/131 178/305/131
f 173/299/132 176/302/132 174/300/132
f 177/304/133 174/300/133 178/306/133
f 177/303/128 179/307/128 175/301/128
f 175/301/129 179/308/129 180/311/129
f 179/309/130 177/304/130 178/306/130
f 174/300/131 176/302/131 180/312/131
f 173/299/132 175/301/132 176/302/132
f 177/304/133 173/299/133 174/300/133
o Cube.031
v -6.462845 8.213636 3.133207
v -6.462845 7.052541 3.133207
v -6.127651 8.213636 2.861748
v -6.127651 7.052541 2.861748
v -5.553212 8.213636 4.256413
v -5.553212 7.052541 4.256413
v -5.218017 8.213636 3.984954
v -5.218017 7.052541 3.984954
vn -0.0000 1.0000 -0.0000
vn 0.7771 -0.0000 -0.6294
vn 0.6294 -0.0000 0.7771
vn -0.0000 -1.0000 -0.0000
vn -0.6294 -0.0000 -0.7771
vn -0.7771 -0.0000 0.6294
vt 0.625000 0.500000
vt 0.375000 0.500000
vt 0.625000 0.750000
vt 0.375000 0.750000
vt 0.875000 0.500000
vt 0.625000 0.250000
vt 0.125000 0.500000
vt 0.375000 0.250000
vt 0.875000 0.750000
vt 0.625000 1.000000
vt 0.625000 0.000000
vt 0.375000 0.000000
vt 0.375000 1.000000
vt 0.125000 0.750000
s 0
usemtl Material.073
f 185/317/134 183/315/134 181/313/134
f 183/315/135 188/325/135 184/316/135
f 187/323/136 186/320/136 188/324/136
f 182/314/137 188/326/137 186/319/137
f 181/313/138 184/316/138 182/314/138
f 185/318/139 182/314/139 186/320/139
f 185/317/134 187/321/134 183/315/134
f 183/315/135 187/322/135 188/325/135
f 187/323/136 185/318/136 186/320/136
f 182/314/137 184/316/137 188/326/137
f 181/313/138 183/315/138 184/316/138
f 185/318/139 181/313/139 182/314/139
o Cube.030
v -7.592244 8.212973 3.268458
v -7.592244 7.051877 3.268458
v -7.613712 8.212973 2.837663
v -7.613712 7.051877 2.837663
v -6.148689 8.212973 3.196518
v -6.148689 7.051877 3.196518
v -6.170158 8.212973 2.765723
v -6.170158 7.051877 2.765723
vn -0.0000 1.0000 -0.0000
vn -0.0498 -0.0000 -0.9988
vn 0.9988 -0.0000 -0.0498
vn -0.0000 -1.0000 -0.0000
vn -0.9988 -0.0000 0.0498
vn 0.0498 -0.0000 0.9988
vt 0.625000 0.500000
vt 0.375000 0.500000
vt 0.625000 0.750000
vt 0.375000 0.750000
vt 0.875000 0.500000
vt 0.625000 0.250000
vt 0.125000 0.500000
vt 0.375000 0.250000
vt 0.875000 0.750000
vt 0.625000 1.000000
vt 0.625000 0.000000
vt 0.375000 0.000000
vt 0.375000 1.000000
vt 0.125000 0.750000
s 0
usemtl Material.074
f 193/331/140 191/329/140 189/327/140
f 191/329/141 196/339/141 192/330/141
f 195/337/142 194/334/142 196/338/142
f 190/328/143 196/340/143 194/333/143
f 189/327/144 192/330/144 190/328/144
f 193/332/145 190/328/145 194/334/145
f 193/331/140 195/335/140 191/329/140
f 191/329/141 195/336/141 196/339/141
f 195/337/142 193/332/142 194/334/142
f 190/328/143 192/330/143 196/340/143
f 189/327/144 191/329/144 192/330/144
f 193/332/145 189/327/145 190/328/145
o Cube.029
v -7.632526 7.079923 3.285725
v -7.632526 5.839097 3.285725
v -7.655470 7.079923 2.825348
v -7.655470 5.839097 2.825348
v -6.089846 7.079923 3.208844
v -6.089846 5.839097 3.208844
v -6.112789 7.079923 2.748468
v -6.112789 5.839097 2.748468
vn -0.0000 1.0000 -0.0000
vn -0.0498 -0.0000 -0.9988
vn 0.9988 -0.0000 -0.0498
vn -0.0000 -1.0000 -0.0000
vn -0.9988 -0.0000 0.0498
vn 0.0498 -0.0000 0.9988
vt 0.625000 0.500000
vt 0.375000 0.500000
vt 0.625000 0.750000
vt 0.375000 0.750000
vt 0.875000 0.500000
vt 0.625000 0.250000
vt 0.125000 0.500000
vt 0.375000 0.250000
vt 0.875000 0.750000
vt 0.625000 1.000000
vt 0.625000 0.000000
vt 0.375000 0.000000
vt 0.375000 1.000000
vt 0.125000 0.750000
s 0
usemtl Material.075
f 201/345/146 199/343/146 197/341/146
f 199/343/147 204/353/147 200/344/147
f 203/351/148 202/348/148 204/352/148
f 198/342/149 204/354/149 202/347/149
f 197/341/150 200/344/150 198/342/150
f 201/346/151 198/342/151 202/348/151
f 201/345/146 203/349/146 199/343/146
f 199/343/147 203/350/147 204/353/147
f 203/351/148 201/346/148 202/348/148
f 198/342/149 200/344/149 204/354/149
f 197/341/150 199/343/150 200/344/150
f 201/346/151 197/341/151 198/342/151
o Cube.028
v -6.444842 7.080633 3.068679
v -6.444842 5.839807 3.068679
v -6.086631 7.080633 2.778580
v -6.086631 5.839807 2.778580
v -5.472746 7.080633 4.269013
v -5.472746 5.839807 4.269013
v -5.114534 7.080633 3.978914
v -5.114534 5.839807 3.978914
vn -0.0000 1.0000 -0.0000
vn 0.7771 -0.0000 -0.6294
vn 0.6294 -0.0000 0.7771
vn -0.0000 -1.0000 -0.0000
vn -0.6294 -0.0000 -0.7771
vn -0.7771 -0.0000 0.6294
vt 0.625000 0.500000
vt 0.375000 0.500000
vt 0.625000 0.750000
vt 0.375000 0.750000
vt 0.875000 0.500000
vt 0.625000 0.250000
vt 0.125000 0.500000
vt 0.375000 0.250000
vt 0.875000 0.750000
vt 0.625000 1.000000
vt 0.625000 0.000000
vt 0.375000 0.000000
vt 0.375000 1.000000
vt 0.125000 0.750000
s 0
usemtl Material.076
f 209/359/152 207/357/152 205/355/152
f 207/357/153 212/367/153 208/358/153
f 211/365/154 210/362/154 212/366/154
f 206/356/155 212/368/155 210/361/155
f 205/355/156 208/358/156 206/356/156
f 209/360/157 206/356/157 210/362/157
f 209/359/152 211/363/152 207/357/152
f 207/357/153 211/364/153 212/367/153
f 211/365/154 209/360/154 210/362/154
f 206/356/155 208/358/155 212/368/155
f 205/355/156 207/357/156 208/358/156
f 209/360/157 205/355/157 206/356/157
o Cube.027
v -7.682512 7.087072 2.842357
v -7.682512 5.846246 2.842357
v -7.255699 7.087072 3.016435
v -7.255699 5.846246 3.016435
v -8.265832 7.087072 4.272571
v -8.265832 5.846246 4.272571
v -7.839018 7.087072 4.446649
v -7.839018 5.846246 4.446649
vn -0.0000 1.0000 -0.0000
vn 0.9259 -0.0000 0.3777
vn -0.3777 -0.0000 0.9259
vn -0.0000 -1.0000 -0.0000
vn 0.3777 -0.0000 -0.9259
vn -0.9259 -0.0000 -0.3777
vt 0.625000 0.500000
vt 0.375000 0.500000
vt 0.625000 0.750000
vt 0.375000 0.750000
vt 0.875000 0.500000
vt 0.625000 0.250000
vt 0.125000 0.500000
vt 0.375000 0.250000
vt 0.875000 0.750000
vt 0.625000 1.000000
vt 0.625000 0.000000
vt 0.375000 0.000000
vt 0.375000 1.000000
vt 0.125000 0.750000
s 0
usemtl Material.077
f 217/373/158 215/371/158 213/369/158
f 215/371/159 220/381/159 216/372/159
f 219/379/160 218/376/160 220/380/160
f 214/370/161 220/382/161 218/375/161
f 213/369/162 216/372/162 214/370/162
f 217/374/163 214/370/163 218/376/163
f 217/373/158 219/377/158 215/371/158
f 215/371/159 219/378/159 220/381/159
f 219/379/160 217/374/160 218/376/160
f 214/370/161 216/372/161 220/382/161
f 213/369/162 215/371/162 216/372/162
f 217/374/163 213/369/163 214/370/163
o Cube.026
v -5.814995 7.087072 5.408171
v -5.814995 5.846246 5.408171
v -6.232615 7.087072 5.213064
v -6.232615 5.846246 5.213064
v -5.161211 7.087072 4.008763
v -5.161211 5.846246 4.008763
v -5.578832 7.087072 3.813657
v -5.578832 5.846246 3.813657
vn -0.0000 1.0000 -0.0000
vn -0.9060 -0.0000 -0.4233
vn 0.4233 -0.0000 -0.9060
vn -0.0000 -1.0000 -0.0000
vn -0.4233 -0.0000 0.9060
vn 0.9060 -0.0000 0.4233
vt 0.625000 0.500000
vt 0.375000 0.500000
vt 0.625000 0.750000
vt 0.375000 0.750000
vt 0.875000 0.500000
vt 0.625000 0.250000
vt 0.125000 0.500000
vt 0.375000 0.250000
vt 0.875000 0.750000
vt 0.625000 1.000000
vt 0.625000 0.000000
vt 0.375000 0.000000
vt 0.375000 1.000000
vt 0.125000 0.750000
s 0
usemtl Material.078
f 225/387/164 223/385/164 221/383/164
f 223/385/165 228/395/165 224/386/165
f 227/393/166 226/390/166 228/394/166
f 222/384/167 228/396/167 226/389/167
f 221/383/168 224/386/168 222/384/168
f 225/388/169 222/384/169 226/390/169
f 225/387/164 227/391/164 223/385/164
f 223/385/165 227/392/165 228/395/165
f 227/393/166 225/388/166 226/390/166
f 222/384/167 224/386/167 228/396/167
f 221/383/168 223/385/168 224/386/168
f 225/388/169 221/383/169 222/384/169
o Cube.025
v -6.986613 7.080633 5.136666
v -6.986613 5.839807 5.136666
v -7.358820 7.080633 5.408576
v -7.358820 5.839807 5.408576
v -7.897760 7.080633 3.889435
v -7.897760 5.839807 3.889435
v -8.269967 7.080633 4.161345
v -8.269967 5.839807 4.161345
vn -0.0000 1.0000 -0.0000
vn -0.8075 -0.0000 0.5899
vn -0.5899 -0.0000 -0.8075
vn -0.0000 -1.0000 -0.0000
vn 0.5899 -0.0000 0.8075
vn 0.8075 -0.0000 -0.5899
vt 0.625000 0.500000
vt 0.375000 0.500000
vt 0.625000 0.750000
vt 0.375000 0.750000
vt 0.875000 0.500000
vt 0.625000 0.250000
vt 0.125000 0.500000
vt 0.375000 0.250000
vt 0.875000 0.750000
vt 0.625000 1.000000
vt 0.625000 0.000000
vt 0.375000 0.000000
vt 0.375000 1.000000
vt 0.125000 0.750000
s 0
usemtl Material.079
f 233/401/170 231/399/170 229/397/170
f 231/399/171 236/409/171 232/400/171
f 235/407/172 234/404/172 236/408/172
f 230/398/173 236/410/173 234/403/173
f 229/397/174 232/400/174 230/398/174
f 233/402/175 230/398/175 234/404/175
f 233/401/170 235/405/170 231/399/170
f 231/399/171 235/406/171 236/409/171
f 235/407/172 233/402/172 234/404/172
f 230/398/173 232/400/173 236/410/173
f 229/397/174 231/399/174 232/400/174
f 233/402/175 229/397/175 230/398/175
o Cube.024
v -5.820232 7.079923 4.950831
v -5.820232 5.839097 4.950831
v -5.820232 7.079923 5.411779
v -5.820232 5.839097 5.411779
v -7.364828 7.079923 4.950831
v -7.364828 5.839097 4.950831
v -7.364828 7.079923 5.411779
v -7.364828 5.839097 5.411779
vn -0.0000 1.0000 -0.0000
vn -0.0000 -0.0000 1.0000
vn -1.0000 -0.0000 -0.0000
vn -0.0000 -1.0000 -0.0000
vn 1.0000 -0.0000 -0.0000
vn -0.0000 -0.0000 -1.0000
vt 0.625000 0.500000
vt 0.375000 0.500000
vt 0.625000 0.750000
vt 0.375000 0.750000
vt 0.875000 0.500000
vt 0.625000 0.250000
vt 0.125000 0.500000
vt 0.375000 0.250000
vt 0.875000 0.750000
vt 0.625000 1.000000
vt 0.625000 0.000000
vt 0.375000 0.000000
vt 0.375000 1.000000
vt 0.125000 0.750000
s 0
usemtl Material.080
f 241/415/176 239/413/176 237/411/176
f 239/413/177 244/423/177 240/414/177
f 243/421/178 242/418/178 244/422/178
f 238/412/179 244/424/179 242/417/179
f 237/411/180 240/414/180 238/412/180
f 241/416/181 238/412/181 242/418/181
f 241/415/176 243/419/176 239/413/176
f 239/413/177 243/420/177 244/423/177
f 243/421/178 241/416/178 242/418/178
f 238/412/179 240/414/179 244/424/179
f 237/411/180 239/413/180 240/414/180
f 241/416/181 237/411/181 238/412/181
o Cube.023
v -5.718797 5.907057 5.049255
v -5.718797 4.527122 5.049255
v -5.718797 5.907057 5.561880
v -5.718797 4.527122 5.561880
v -7.436558 5.907057 5.049255
v -7.436558 4.527122 5.049255
v -7.436558 5.907057 5.561880
v -7.436558 4.527122 5.561880
vn -0.0000 1.0000 -0.0000
vn -0.0000 -0.0000 1.0000
vn -1.0000 -0.0000 -0.0000
vn -0.0000 -1.0000 -0.0000
vn 1.0000 -0.0000 -0.0000
vn -0.0000 -0.0000 -1.0000
vt 0.625000 0.500000
vt 0.375000 0.500000
vt 0.625000 0.750000
vt 0.375000 0.750000
vt 0.875000 0.500000
vt 0.625000 0.250000
vt 0.125000 0.500000
vt 0.375000 0.250000
vt 0.875000 0.750000
vt 0.625000 1.000000
vt 0.625000 0.000000
vt 0.375000 0.000000
vt 0.375000 1.000000
vt 0.125000 0.750000
s 0
usemtl Material.081
f 249/429/182 247/427/182 245/425/182
f 247/427/183 252/437/183 248/428/183
f 251/435/184 250/432/184 252/436/184
f 246/426/185 252/438/185 250/431/185
f 245/425/186 248/428/186 246/426/186
f 249/430/187 246/426/187 250/432/187
f 249/429/182 251/433/182 247/427/182
f 247/427/183 251/434/183 252/437/183
f 251/435/184 249/430/184 250/432/184
f 246/426/185 248/428/185 252/438/185
f 245/425/186 247/427/186 248/428/186
f 249/430/187 245/425/187 246/426/187
o Cube.022
v -7.015941 5.907845 5.255924
v -7.015941 4.527910 5.255924
v -7.429875 5.907845 5.558319
v -7.429875 4.527910 5.558319
v -8.029237 5.907845 3.868865
v -8.029237 4.527910 3.868865
v -8.443172 5.907845 4.171260
v -8.443172 4.527910 4.171260
vn -0.0000 1.0000 -0.0000
vn -0.8075 -0.0000 0.5899
vn -0.5899 -0.0000 -0.8075
vn -0.0000 -1.0000 -0.0000
vn 0.5899 -0.0000 0.8075
vn 0.8075 -0.0000 -0.5899
vt 0.625000 0.500000
vt 0.375000 0.500000
vt 0.625000 0.750000
vt 0.375000 0.750000
vt 0.875000 0.500000
vt 0.625000 0.250000
vt 0.125000 0.500000
vt 0.375000 0.250000
vt 0.875000 0.750000
vt 0.625000 1.000000
vt 0.625000 0.000000
vt 0.375000 0.000000
vt 0.375000 1.000000
vt 0.125000 0.750000
s 0
usemtl Material.082
f 257/443/188 255/441/188 253/439/188
f 255/441/189 260/451/189 256/442/189
f 259/449/190 258/446/190 260/450/190
f 254/440/191 260/452/191 258/445/191
f 253/439/192 256/442/192 254/440/192
f 257/444/193 254/440/193 258/446/193
f 257/443/188 259/447/188 255/441/188
f 255/441/189 259/448/189 260/451/189
f 259/449/190 257/444/190 258/446/190
f 254/440/191 256/442/191 260/452/191
f 253/439/192 255/441/192 256/442/192
f 257/444/193 253/439/193 254/440/193
o Cube.021
v -5.712972 5.915007 5.557867
v -5.712972 4.535071 5.557867
v -6.177412 5.915007 5.340888
v -6.177412 4.535071 5.340888
v -4.985893 5.915007 4.001571
v -4.985893 4.535071 4.001571
v -5.450332 5.915007 3.784592
v -5.450332 4.535071 3.784592
vn -0.0000 1.0000 -0.0000
vn -0.9060 -0.0000 -0.4233
vn 0.4233 -0.0000 -0.9060
vn -0.0000 -1.0000 -0.0000
vn -0.4233 -0.0000 0.9060
vn 0.9060 -0.0000 0.4233
vt 0.625000 0.500000
vt 0.375000 0.500000
vt 0.625000 0.750000
vt 0.375000 0.750000
vt 0.875000 0.500000
vt 0.625000 0.250000
vt 0.125000 0.500000
vt 0.375000 0.250000
vt 0.875000 0.750000
vt 0.625000 1.000000
vt 0.625000 0.000000
vt 0.375000 0.000000
vt 0.375000 1.000000
vt 0.125000 0.750000
s 0
usemtl Material.083
f 265/457/194 263/455/194 261/453/194
f 263/455/195 268/465/195 264/456/195
f 267/463/196 266/460/196 268/464/196
f 262/454/197 268/466/197 266/459/197
f 261/453/198 264/456/198 262/454/198
f 265/458/199 262/454/199 266/460/199
f 265/457/194 267/461/194 263/455/194
f 263/455/195 267/462/195 268/465/195
f 267/463/196 265/458/196 266/460/196
f 262/454/197 264/456/197 268/466/197
f 261/453/198 263/455/198 264/456/198
f 265/458/199 261/453/199 262/454/199
o Cube.020
v -7.789857 5.915007 2.574670
v -7.789857 4.535071 2.574670
v -7.315193 5.915007 2.768264
v -7.315193 4.535071 2.768264
v -8.438572 5.915007 4.165226
v -8.438572 4.535071 4.165226
v -7.963908 5.915007 4.358820
v -7.963908 4.535071 4.358820
vn -0.0000 1.0000 -0.0000
vn 0.9259 -0.0000 0.3777
vn -0.3777 -0.0000 0.9259
vn -0.0000 -1.0000 -0.0000
vn 0.3777 -0.0000 -0.9259
vn -0.9259 -0.0000 -0.3777
vt 0.625000 0.500000
vt 0.375000 0.500000
vt 0.625000 0.750000
vt 0.375000 0.750000
vt 0.875000 0.500000
vt 0.625000 0.250000
vt 0.125000 0.500000
vt 0.375000 0.250000
vt 0.875000 0.750000
vt 0.625000 1.000000
vt 0.625000 0.000000
vt 0.375000 0.000000
vt 0.375000 1.000000
vt 0.125000 0.750000
s 0
usemtl Material.084
f 273/471/200 271/469/200 269/467/200
f 271/469/201 276/479/201 272/470/201
f 275/477/202 274/474/202 276/478/202
f 270/468/203 276/480/203 274/473/203
f 269/467/204 272/470/204 270/468/204
f 273/472/205 270/468/205 274/474/205
f 273/471/200 275/475/200 271/469/200
f 271/469/201 275/476/201 276/479/201
f 275/477/202 273/472/202 274/474/202
f 270/468/203 272/470/203 276/480/203
f 269/467/204 271/469/204 272/470/204
f 273/472/205 269/467/205 270/468/205
o Cube.019
v -6.413432 5.907845 2.956094
v -6.413432 4.527910 2.956094
v -6.015061 5.907845 2.633472
v -6.015061 4.527910 2.633472
v -5.332353 5.907845 4.290998
v -5.332353 4.527910 4.290998
v -4.933982 5.907845 3.968376
v -4.933982 4.527910 3.968376
vn -0.0000 1.0000 -0.0000
vn 0.7771 -0.0000 -0.6294
vn 0.6294 -0.0000 0.7771
vn -0.0000 -1.0000 -0.0000
vn -0.6294 -0.0000 -0.7771
vn -0.7771 -0.0000 0.6294
vt 0.625000 0.500000
vt 0.375000 0.500000
vt 0.625000 0.750000
vt 0.375000 0.750000
vt 0.875000 0.500000
vt 0.625000 0.250000
vt 0.125000 0.500000
vt 0.375000 0.250000
vt 0.875000 0.750000
vt 0.625000 1.000000
vt 0.625000 0.000000
vt 0.375000 0.000000
vt 0.375000 1.000000
vt 0.125000 0.750000
s 0
usemtl Material.085
f 281/485/206 279/483/206 277/481/206
